2368
2669
5858
677
8700
2642
7369
6166
1957
6195
1108
9248
9225
5759
6445
7869
4373
1206
3189
4187
5577
8263
3617
6559
4625
1062
1419
6197
3540
8804
4809
467
4109
8307
6060
5004
8892
6754
2532
2617
8752
2448
2257
7044
4709
3846
1582
6231
2376
231
4107
8967
313
4982
9153
2522
8079
9823
997
5284
1928
6993
7567
1210
5097
7995
2615
2170
1368
6569
642
9848
7717
8378
3820
5601
7606
1002
8813
3312
3599
1576
74
5887
505
3982
9414
468
6675
3408
3742
9636
4947
3683
7191
368
1233
9641
2948
975
8407
1289
6397
8850
8783
1183
8562
2351
2214
4682
6825
3648
5697
8008
9279
9583
1895
2731
4845
680
4368
7330
3921
8043
8688
3103
192
1489
5217
2523
8494
7447
9863
3160
4651
2045
3962
3621
330
4184
4165
901
4971
4878
1010
9906
6665
3108
6892
7026
5623
9953
2797
2870
6222
4025
9787
6258
5082
6864
533
1870
6809
3290
1091
7194
6200
5717
7826
6593
8775
5867
3462
4678
8372
8171
6118
3213
6528
9720
3044
4525
4546
6705
3739
2737
1403
5039
4830
8701
2071
8835
4996
2677
5245
672
8507
9046
3967
7005
3377
9199
9733
3829
1039
2453
7909
3521
2285
7209
8338
7948
4375
3442
7045
9656
5555
1831
6029
1662
7160
7966
5505
5434
4972
562
5411
4755
1765
1323
2977
7565
913
3019
6511
5836
1237
9031
644
3415
7957
4726
7342
8156
963
6998
5974
2552
9438
5534
3246
6172
4128
7809
5337
5773
6489
3905
9066
6093
8062
5810
602
2420
1848
5063
2295
1825
685
7207
4661
4801
8872
4889
7372
6795
6519
5407
4402
6653
6715
1397
1783
3808
185
3165
6004
7662
3491
7668
4149
3543
25
8603
103
2863
7595
8713
752
2404
5506
6753
7249
4732
7788
4440
9690
1547
920
5129
8254
2818
365
5854
5754
3589
2963
9811
7780
1882
213
7279
4885
6126
6257
8818
8377
51
3986
8038
6367
4338
3532
457
9470
8970
1750
3726
8333
4199
1127
1851
7243
4207
11
7433
9001
1708
9729
4245
4761
5123
7583
384
2495
2159
576
830
8391
4738
3017
7502
3881
9850
4208
1828
8537
1411
1451
1422
5090
9718
581
6067
9157
3448
9498
8153
5963
9314
7032
5699
3005
7797
9727
8066
8289
6661
9960
1874
4590
6010
5235
7165
4989
895
5339
5014
1376
7716
2431
7874
6990
1445
6423
5994
2126
9064
7650
5920
9653
7547
4950
4297
1677
7724
1949
8869
7713
119
5369
1840
2049
5259
89
45
273
395
3041
1907
9507
4169
5025
9421
2347
2424
6315
9139
9778
5012
8265
2235
3606
4456
6837
5062
3091
6643
8195
805
8428
2515
1940
7985
3164
3863
2578
2419
2602
3885
8310
4162
8245
9909
7744
2938
6420
7418
5053
9278
4307
9067
1382
4588
2888
2761
1724
8682
6057
1573
8522
8826
2366
343
6796
8654
1349
4745
7267
8698
5965
4051
3997
6155
5499
8422
8651
8479
5694
4519
